[38;2;0;229;255m                                                                    ..         .                                                                      
[38;2;0;229;255m                                                                  .=*:         *+                                                                     
[38;2;0;229;255m                                                                .=*=.          +#.                                                                    
[38;2;0;229;255m                                                               =*+.            +*. .+:                                                                
[38;2;0;229;255m                                                              -#-              +#.  **                                                                
[38;2;0;229;255m                                                              -*-              +*.  **                                                                
[38;2;0;229;255m                                                              -*:              *#.  **                                                                
[38;2;0;229;255m                                                              -#=            -*+-  .**                                                                
[38;2;0;229;255m                                                               :+*-        :+*-  .=*+:                                                                
[38;2;0;229;255m                                                                 :+*-     .*+  .-*+:                                                                  
[38;2;0;229;255m                                                                   :#=     *+  =#:                                                                    
                        [38;2;0;220;255m.[38;2;0;220;255m.[38;2;0;220;255m.        [38;2;0;175;255m.[38;2;0;175;255m.[38;2;0;175;255m.  [38;2;0;175;255m.[38;2;0;175;255m.      [38;2;40;120;255m.[38;2;40;120;255m.[38;2;40;120;255m. [38;2;40;120;255m.[38;2;40;120;255m.        [38;2;90;60;255m.    [38;2;90;60;255m.[38;2;90;60;255m=[38;2;90;60;255m-[38;2;140;10;255m.[38;2;140;10;255m.[38;2;140;10;255m.[38;2;140;10;255m.[38;2;140;10;255m.[38;2;140;10;255m-[38;2;140;10;255m-  [38;2;140;10;255m-[38;2;140;10;255m=[38;2;140;10;255m.[38;2;170;0;255m.[38;2;170;0;255m.[38;2;170;0;255m.[38;2;170;0;255m.[38;2;170;0;255m.        [38;2;205;0;250m.[38;2;205;0;250m.[38;2;205;0;250m.       [38;2;205;0;250m.[38;2;205;0;250m.[38;2;205;0;250m.[38;2;238;0;238m.[38;2;238;0;238m.[38;2;238;0;238m.[38;2;238;0;238m.[38;2;238;0;238m.[38;2;238;0;238m.[38;2;238;0;238m.  [38;2;238;0;238m.        [38;2;238;0;238m.                       
                        [38;2;0;220;255m-[38;2;0;220;255m+[38;2;0;220;255m#[38;2;0;220;255m=[38;2;0;220;255m.    [38;2;0;175;255m-[38;2;0;175;255m*[38;2;0;175;255m*[38;2;0;175;255m=[38;2;0;175;255m. [38;2;0;175;255m.[38;2;0;175;255m=[38;2;0;175;255m*[38;2;0;175;255m=    [38;2;40;120;255m=[38;2;40;120;255m*[38;2;40;120;255m+[38;2;40;120;255m.[38;2;40;120;255m.[38;2;40;120;255m*[38;2;40;120;255m*[38;2;40;120;255m+[38;2;40;120;255m:     [38;2;90;60;255m-[38;2;90;60;255m*[38;2;90;60;255m- [38;2;90;60;255m.[38;2;90;60;255m+[38;2;90;60;255m*[38;2;90;60;255m+[38;2;90;60;255m+[38;2;140;10;255m+[38;2;140;10;255m+[38;2;140;10;255m+[38;2;140;10;255m+[38;2;140;10;255m*[38;2;140;10;255m=[38;2;140;10;255m. [38;2;140;10;255m=[38;2;140;10;255m*[38;2;140;10;255m+[38;2;140;10;255m+[38;2;170;0;255m+[38;2;170;0;255m+[38;2;170;0;255m+[38;2;170;0;255m+[38;2;170;0;255m*[38;2;170;0;255m+[38;2;170;0;255m-    [38;2;170;0;255m-[38;2;170;0;255m*[38;2;205;0;250m*[38;2;205;0;250m+[38;2;205;0;250m*[38;2;205;0;250m*[38;2;205;0;250m:    [38;2;205;0;250m=[38;2;205;0;250m*[38;2;205;0;250m+[38;2;205;0;250m+[38;2;238;0;238m+[38;2;238;0;238m+[38;2;238;0;238m+[38;2;238;0;238m+[38;2;238;0;238m+[38;2;238;0;238m=[38;2;238;0;238m: [38;2;238;0;238m-[38;2;238;0;238m*[38;2;238;0;238m=      [38;2;238;0;238m-[38;2;238;0;238m*[38;2;238;0;238m=                      
                         [38;2;0;220;255m.[38;2;0;220;255m-[38;2;0;220;255m*[38;2;0;220;255m#[38;2;0;220;255m=[38;2;0;220;255m.[38;2;0;175;255m.[38;2;0;175;255m+[38;2;0;175;255m#[38;2;0;175;255m=[38;2;0;175;255m.     [38;2;0;175;255m-[38;2;0;175;255m*[38;2;0;175;255m*[38;2;40;120;255m.[38;2;40;120;255m.[38;2;40;120;255m+[38;2;40;120;255m*[38;2;40;120;255m-  [38;2;40;120;255m.[38;2;40;120;255m*[38;2;40;120;255m*[38;2;40;120;255m=[38;2;40;120;255m*[38;2;40;120;255m+[38;2;90;60;255m:   [38;2;90;60;255m-[38;2;90;60;255m#[38;2;90;60;255m- [38;2;90;60;255m-[38;2;90;60;255m#[38;2;90;60;255m= [38;2;90;60;255m.[38;2;140;10;255m.[38;2;140;10;255m.[38;2;140;10;255m. [38;2;140;10;255m-[38;2;140;10;255m#[38;2;140;10;255m= [38;2;140;10;255m=[38;2;140;10;255m#[38;2;140;10;255m- [38;2;170;0;255m.   [38;2;170;0;255m.[38;2;170;0;255m+[38;2;170;0;255m*[38;2;170;0;255m.  [38;2;170;0;255m:[38;2;170;0;255m*[38;2;170;0;255m+[38;2;205;0;250m. [38;2;205;0;250m:[38;2;205;0;250m*[38;2;205;0;250m*[38;2;205;0;250m.  [38;2;205;0;250m:[38;2;205;0;250m#[38;2;205;0;250m+[38;2;205;0;250m.[38;2;205;0;250m.[38;2;238;0;238m.[38;2;238;0;238m.[38;2;238;0;238m.[38;2;238;0;238m.[38;2;238;0;238m.   [38;2;238;0;238m-[38;2;238;0;238m*[38;2;238;0;238m= [38;2;238;0;238m.[38;2;238;0;238m.[38;2;238;0;238m.[38;2;238;0;238m. [38;2;238;0;238m-[38;2;238;0;238m*[38;2;238;0;238m=                      
                            [38;2;0;220;255m-[38;2;0;220;255m*[38;2;0;220;255m*[38;2;0;175;255m=[38;2;0;175;255m-[38;2;0;175;255m.        [38;2;0;175;255m.[38;2;0;175;255m+[38;2;40;120;255m*[38;2;40;120;255m*[38;2;40;120;255m+[38;2;40;120;255m.   [38;2;40;120;255m.[38;2;40;120;255m*[38;2;40;120;255m*[38;2;40;120;255m.[38;2;40;120;255m.[38;2;40;120;255m=[38;2;90;60;255m*[38;2;90;60;255m+[38;2;90;60;255m: [38;2;90;60;255m-[38;2;90;60;255m*[38;2;90;60;255m- [38;2;90;60;255m-[38;2;90;60;255m*[38;2;90;60;255m-      [38;2;140;10;255m-[38;2;140;10;255m*[38;2;140;10;255m- [38;2;140;10;255m=[38;2;140;10;255m*[38;2;140;10;255m: [38;2;170;0;255m:[38;2;170;0;255m-[38;2;170;0;255m-[38;2;170;0;255m-[38;2;170;0;255m-[38;2;170;0;255m*[38;2;170;0;255m+[38;2;170;0;255m. [38;2;170;0;255m.[38;2;170;0;255m+[38;2;170;0;255m*[38;2;170;0;255m: [38;2;205;0;250m. [38;2;205;0;250m:[38;2;205;0;250m*[38;2;205;0;250m+[38;2;205;0;250m.  [38;2;205;0;250m-[38;2;205;0;250m+[38;2;205;0;250m+[38;2;205;0;250m+[38;2;238;0;238m+[38;2;238;0;238m+[38;2;238;0;238m+[38;2;238;0;238m+[38;2;238;0;238m+[38;2;238;0;238m=[38;2;238;0;238m. [38;2;238;0;238m:[38;2;238;0;238m+[38;2;238;0;238m+[38;2;238;0;238m+[38;2;238;0;238m+[38;2;238;0;238m+[38;2;238;0;238m+[38;2;238;0;238m+[38;2;238;0;238m+[38;2;238;0;238m+[38;2;238;0;238m+[38;2;238;0;238m=                      
                           [38;2;0;220;255m-[38;2;0;220;255m+[38;2;0;220;255m*[38;2;0;220;255m=[38;2;0;175;255m+[38;2;0;175;255m*[38;2;0;175;255m=[38;2;0;175;255m.        [38;2;0;175;255m.[38;2;40;120;255m*[38;2;40;120;255m+[38;2;40;120;255m.    [38;2;40;120;255m.[38;2;40;120;255m+[38;2;40;120;255m+[38;2;40;120;255m.  [38;2;90;60;255m.[38;2;90;60;255m=[38;2;90;60;255m*[38;2;90;60;255m=[38;2;90;60;255m=[38;2;90;60;255m*[38;2;90;60;255m- [38;2;90;60;255m-[38;2;90;60;255m*[38;2;90;60;255m-      [38;2;140;10;255m:[38;2;140;10;255m*[38;2;140;10;255m- [38;2;140;10;255m=[38;2;140;10;255m*[38;2;140;10;255m:  [38;2;170;0;255m:[38;2;170;0;255m+[38;2;170;0;255m*[38;2;170;0;255m+[38;2;170;0;255m:  [38;2;170;0;255m.[38;2;170;0;255m=[38;2;170;0;255m+[38;2;170;0;255m=[38;2;170;0;255m=[38;2;205;0;250m=[38;2;205;0;250m=[38;2;205;0;250m=[38;2;205;0;250m=[38;2;205;0;250m=[38;2;205;0;250m+[38;2;205;0;250m=    [38;2;205;0;250m.[38;2;205;0;250m.[38;2;238;0;238m.[38;2;238;0;238m.[38;2;238;0;238m. [38;2;238;0;238m:[38;2;238;0;238m+[38;2;238;0;238m- [38;2;238;0;238m:[38;2;238;0;238m+[38;2;238;0;238m-[38;2;238;0;238m.[38;2;238;0;238m.[38;2;238;0;238m.[38;2;238;0;238m.[38;2;238;0;238m.[38;2;238;0;238m.[38;2;238;0;238m-[38;2;238;0;238m+[38;2;238;0;238m-                      
                        [38;2;0;220;255m.[38;2;0;220;255m-[38;2;0;220;255m+[38;2;0;220;255m*[38;2;0;220;255m=[38;2;0;220;255m.  [38;2;0;175;255m:[38;2;0;175;255m+[38;2;0;175;255m*[38;2;0;175;255m=[38;2;0;175;255m.      [38;2;0;175;255m.[38;2;40;120;255m+[38;2;40;120;255m+[38;2;40;120;255m.    [38;2;40;120;255m.[38;2;40;120;255m+[38;2;40;120;255m+[38;2;40;120;255m.    [38;2;90;60;255m.[38;2;90;60;255m=[38;2;90;60;255m+[38;2;90;60;255m+[38;2;90;60;255m- [38;2;90;60;255m.[38;2;90;60;255m=[38;2;90;60;255m=[38;2;90;60;255m=[38;2;90;60;255m=[38;2;140;10;255m=[38;2;140;10;255m=[38;2;140;10;255m=[38;2;140;10;255m=[38;2;140;10;255m=[38;2;140;10;255m=[38;2;140;10;255m: [38;2;140;10;255m=[38;2;140;10;255m+[38;2;140;10;255m.    [38;2;170;0;255m:[38;2;170;0;255m=[38;2;170;0;255m=[38;2;170;0;255m: [38;2;170;0;255m-[38;2;170;0;255m+[38;2;170;0;255m: [38;2;170;0;255m.   [38;2;205;0;250m. [38;2;205;0;250m:[38;2;205;0;250m+[38;2;205;0;250m: [38;2;205;0;250m:[38;2;205;0;250m-[38;2;205;0;250m-[38;2;205;0;250m-[38;2;238;0;238m-[38;2;238;0;238m-[38;2;238;0;238m-[38;2;238;0;238m-[38;2;238;0;238m=[38;2;238;0;238m=[38;2;238;0;238m: [38;2;238;0;238m:[38;2;238;0;238m=[38;2;238;0;238m-      [38;2;238;0;238m:[38;2;238;0;238m+[38;2;238;0;238m-                      
                        [38;2;0;220;255m.[38;2;0;220;255m:[38;2;0;220;255m:[38;2;0;220;255m.      [38;2;0;175;255m:[38;2;0;175;255m=[38;2;0;175;255m+[38;2;0;175;255m=[38;2;0;175;255m.     [38;2;40;120;255m.[38;2;40;120;255m.      [38;2;40;120;255m.[38;2;40;120;255m.       [38;2;90;60;255m.[38;2;90;60;255m:[38;2;90;60;255m.   [38;2;90;60;255m:[38;2;90;60;255m:[38;2;90;60;255m.[38;2;140;10;255m.[38;2;140;10;255m:[38;2;140;10;255m:[38;2;140;10;255m.[38;2;140;10;255m.[38;2;140;10;255m.[38;2;140;10;255m. [38;2;140;10;255m.[38;2;140;10;255m:[38;2;140;10;255m.   [38;2;170;0;255m.[38;2;170;0;255m.[38;2;170;0;255m.[38;2;170;0;255m.[38;2;170;0;255m.  [38;2;170;0;255m.         [38;2;205;0;250m.  [38;2;205;0;250m.[38;2;205;0;250m.[38;2;205;0;250m.[38;2;205;0;250m.[38;2;238;0;238m.[38;2;238;0;238m.[38;2;238;0;238m.[38;2;238;0;238m.[38;2;238;0;238m.    [38;2;238;0;238m.[38;2;238;0;238m.       [38;2;238;0;238m.[38;2;238;0;238m.                      
[38;2;50;0;210m                                    :=+=...                .-=:    :=: :=. :+. :=.  .-=:                                                              
[38;2;70;0;225m                                      .-====================-.     -+: :=: :=. :=:    .-----------------:.                                            
[38;2;95;0;240m                                                                 :--:  :=. :=.  :--.                    :-:                                           
[38;2;120;0;252m                                                     ....:.:::.:--:    .=. :=.    :--.                   .=:                                          
[38;2;140;0;255m                                                   :--:::::::::::      :=. :-.      :--.                 .=:                                          
[38;2;155;0;255m                                                  --.                .--.  :-.        :--.               .=:                                          
[38;2;170;0;255m                                                  -:               .--:    :=:          --              :--.                                          
[38;2;185;0;252m                                                  -:             .--:       :--         --            :--.                                            
[38;2;200;0;248m                                                  --.            --          :=.        --          :--.                                              
[38;2;215;0;244m                                                   :--.          --          :=.        --          ..                                                
[38;2;225;0;240m                                                     ::.         -=          :=.       .=-                                                            
[38;2;232;0;238m                                                                 :-:.        :=.     .--.                                                             
[38;2;238;0;238m                                                                   :-:.      :=.   :--.                                                               
[38;2;238;0;238m                                                                     ::.     .:   .:.                                                                 
